(100,((165,2),(2,158,8.5)))
(1014,((114,39),(1,55,4.5)))
(1016,((294,214),(2,224,7.5)))
(1017,((266,358),(2,262,8.0)))
(1018,((312,256),(2,626,7.0)))
(1019,((182,76),(1,8,2.5)))
(1020,((471,219),(2,18,7.0)))
(1021,((679,616),(8,999,29.5)))
(1023,((333,942),(5,889,19.5)))
(1024,((271,212),(2,391,7.5)))
(1025,((300,97),(1,37,3.5)))
(1027,((389,112),(3,606,12.5)))
(1028,((131,21),(1,205,4.0)))
(1029,((122,124),(1,79,4.0)))
(1034,((138,8),(2,106,9.5)))
(1035,((229,46),(1,54,4.0)))
(105,((141,13),(1,10,4.0)))
(106,((131,10),(2,47,8.5)))
(1089,((1292,1559),(5,2383,17.5)))
(1090,((198,363),(4,602,15.5)))
(1091,((728,2992),(5,3546,20.0)))
(1092,((441,272),(2,546,7.0)))
(1093,((609,782),(5,1324,20.0)))
(1094,((1840,5188),(5,953,20.0)))
(1095,((1131,2209),(5,378,19.5)))
(1096,((452,286),(2,440,8.0)))
(1100,((517,1250),(4,853,14.5)))
(1101,((609,1185),(1,210,4.0)))
(1102,((1159,2037),(16,4746,59.0)))
(1103,((637,208),(4,542,17.0)))
(1104,((809,881),(3,939,12.5)))
(1105,((1345,3075),(2,504,7.5)))
(1106,((1182,2497),(2,2260,9.0)))
(1107,((1266,2077),(2,179,7.5)))
(1108,((1081,1531),(3,410,12.5)))
(1109,((2402,6088),(9,2739,37.0)))
(1110,((3251,7204),(9,1827,34.5)))
(1111,((2718,6915),(6,1212,24.0)))
(1112,((2509,8148),(10,2695,40.0)))
(1113,((1164,2225),(6,1591,23.0)))
(1114,((1026,2017),(5,604,21.5)))
(1115,((629,430),(6,1923,24.5)))
(1116,((771,73),(1,2,3.0)))
(1136,((655,141),(1,48,4.5)))
(1138,((200,501),(2,554,7.5)))
(1139,((311,659),(4,1392,14.0)))
(1140,((409,307),(1,2121,3.5)))
(1141,((281,173),(3,945,10.0)))
(1142,((405,486),(1,237,3.5)))
(1143,((367,356),(4,782,16.0)))
(1144,((451,317),(4,494,15.5)))
(1145,((254,266),(2,302,7.5)))
(1146,((323,71),(1,37,4.5)))
(1149,((131,46),(1,214,4.0)))
(1151,((195,24),(1,5,4.0)))
(1154,((174,141),(2,298,7.5)))
(1155,((177,44),(1,6,5.0)))
(1156,((385,16),(2,225,8.5)))
(1210,((642,1141),(3,414,11.5)))
(1214,((887,3036),(3,454,9.5)))
(1215,((3204,3109),(1,326,4.0)))
(1216,((727,797),(2,502,8.0)))
(1218,((397,333),(3,1166,11.5)))
(1220,((988,838),(1,23,4.0)))
(1221,((617,943),(1,51,4.5)))
(1222,((2064,7456),(5,3037,19.0)))
(1223,((1873,2666),(13,2450,50.0)))
(1224,((1785,1719),(6,10020,24.5)))
(1225,((1346,3062),(6,1686,21.0)))
(1226,((1768,6042),(3,367,12.0)))
(1227,((1372,1948),(4,968,14.5)))
(1228,((498,846),(3,1051,11.0)))
(1229,((222,107),(1,95,4.5)))
(1230,((1667,4863),(6,734,24.0)))
(1231,((2219,7519),(20,8256,79.0)))
(1232,((4981,8353),(13,5028,51.5)))
(1233,((922,2051),(2,214,8.0)))
(1234,((930,504),(1,105,4.5)))
(1235,((1296,1383),(9,1291,38.0)))
(1236,((1307,1399),(5,9719,20.0)))
(1239,((1179,710),(1,68,3.0)))
(1256,((263,16),(1,443,3.5)))
(1258,((181,71),(1,8,3.5)))
(1261,((402,934),(1,109,4.0)))
(1264,((378,295),(1,178,3.5)))
(1265,((221,141),(1,133,4.0)))
(1274,((123,66),(1,130,4.0)))
(127,((690,1304),(1,173,4.0)))
(1277,((242,44),(1,64,3.0)))
(1279,((170,53),(2,78,8.5)))
(128,((845,1997),(4,2356,15.0)))
(129,((319,974),(5,1268,19.0)))
(1330,((490,294),(3,567,12.5)))
(1334,((580,1768),(1,940,3.5)))
(1335,((1537,2258),(4,1041,15.5)))
(1336,((1519,3127),(12,2443,44.5)))
(1337,((402,931),(1,180,3.5)))
(1341,((748,1432),(1,2131,4.0)))
(134,((19,7),(1,4,2.0)))
(1342,((1219,3162),(4,1620,16.0)))
(1343,((1272,3048),(9,4116,32.5)))
(1344,((843,798),(3,424,10.0)))
(1345,((1129,1072),(6,4432,22.0)))
(1346,((889,2022),(4,1291,16.0)))
(1347,((510,1853),(2,92,8.0)))
(1348,((2404,2790),(1,76,4.0)))
(1349,((972,1061),(2,143,7.5)))
(1350,((2500,1999),(10,2777,39.5)))
(1351,((2841,7793),(9,3230,36.0)))
(1352,((3146,3800),(4,739,16.5)))
(1353,((1483,3763),(4,817,18.0)))
(1354,((2383,4771),(8,2228,30.5)))
(1355,((474,211),(1,257,4.0)))
(1356,((1795,1397),(11,1862,44.0)))
(1357,((2192,1593),(9,2395,39.0)))
(1358,((362,78),(1,207,4.5)))
(1360,((1060,881),(2,664,8.0)))
(1361,((348,280),(2,570,8.5)))
(1388,((198,208),(1,1101,4.0)))
(1389,((351,776),(7,998,29.0)))
(1390,((255,312),(1,224,3.5)))
(1391,((158,31),(1,29,3.0)))
(1395,((74,4),(1,154,4.0)))
(1397,((89,11),(1,83,4.0)))
(1398,((246,36),(1,77,3.0)))
(1450,((633,343),(3,489,12.5)))
(1451,((374,672),(1,105,3.5)))
(1452,((336,1177),(4,323,16.0)))
(1454,((1921,1360),(3,2521,12.5)))
(1456,((1360,1889),(7,3405,28.5)))
(1457,((966,821),(5,2701,19.5)))
(145,((80,225),(1,231,3.0)))
(1458,((576,808),(2,302,7.5)))
(146,((126,152),(5,7954,16.0)))
(1461,((638,1146),(2,1195,7.5)))
(1462,((708,2279),(2,833,7.5)))
(1463,((568,2354),(2,862,8.5)))
(1464,((802,4847),(3,618,12.0)))
(1465,((2096,3513),(7,1134,27.5)))
(1466,((1537,1853),(2,728,9.0)))
(1467,((2872,7913),(6,2337,23.5)))
(1468,((1071,2761),(3,433,9.0)))
(1469,((2490,3699),(2,185,7.0)))
(1470,((1611,1907),(5,876,19.5)))
(1471,((1305,373),(4,442,16.0)))
(1472,((1494,3133),(7,1151,27.0)))
(1473,((583,1263),(2,568,7.5)))
(1475,((2954,5220),(4,881,15.5)))
(1476,((2069,4069),(13,3871,51.0)))
(1478,((2032,2068),(6,1289,23.5)))
(1479,((634,327),(1,123,4.0)))
(1481,((2032,2562),(7,1871,29.0)))
(148,((163,33),(1,78,3.0)))
(1482,((1179,1203),(3,821,12.0)))
(1483,((389,21),(1,1,3.0)))
(149,((275,58),(2,212,6.0)))
(1502,((77,139),(1,16,4.0)))
(150,((477,150),(1,209,4.0)))
(1508,((447,377),(6,1062,21.0)))
(1509,((138,79),(3,417,11.5)))
(1510,((234,56),(2,335,8.0)))
(1513,((211,20),(1,110,4.0)))
(1515,((139,19),(1,38,4.5)))
(152,((119,158),(2,338,8.0)))
(153,((458,181),(3,336,10.0)))
(1571,((305,349),(1,20,3.0)))
(1572,((261,1246),(2,522,8.0)))
(1576,((856,2530),(2,324,6.5)))
(1577,((1349,1630),(11,2387,44.5)))
(1578,((1803,2238),(6,956,22.5)))
(1579,((1444,3450),(8,7146,32.0)))
(1580,((1485,2855),(3,906,13.0)))
(1583,((539,544),(1,32,2.5)))
(1584,((1014,1441),(2,225,7.5)))
(1585,((787,2722),(3,1164,11.0)))
(1586,((1237,3704),(6,1787,22.5)))
(158,((63,12),(2,950,7.0)))
(1587,((1933,2601),(3,1242,12.0)))
(1588,((6992,15701),(4,1012,14.0)))
(1589,((693,531),(4,1037,14.5)))
(1590,((2699,3340),(7,1758,26.5)))
(1591,((2787,3390),(19,7041,71.5)))
(1592,((537,247),(6,1305,23.5)))
(1593,((1317,2133),(8,2134,29.5)))
(1594,((2952,6984),(25,8812,106.0)))
(1595,((1165,902),(14,7607,58.0)))
(1596,((3065,4988),(15,4042,60.5)))
(1597,((1311,2657),(2,213,7.5)))
(1599,((1586,1178),(2,622,7.0)))
(1600,((1427,1787),(9,1555,35.0)))
(1601,((492,78),(1,78,4.5)))
(1602,((1060,426),(1,81,4.0)))
(1622,((129,58),(2,198,7.5)))
(1625,((128,16),(1,17,4.0)))
(1627,((286,238),(1,33,3.5)))
(1628,((131,8),(1,23,3.5)))
(1629,((211,34),(1,12,4.5)))
(1631,((231,20),(1,6,3.0)))
(1634,((68,3),(1,11,4.5)))
(1637,((94,3),(1,29,3.5)))
(1694,((1135,2347),(1,326,3.5)))
(1695,((1003,1049),(9,2689,34.5)))
(1696,((922,662),(9,2637,35.0)))
(1698,((1645,1849),(15,2932,64.0)))
(1699,((3334,5580),(19,7492,75.0)))
(1700,((3319,5563),(14,2561,56.5)))
(1701,((1468,1707),(11,4508,44.0)))
(1704,((921,393),(2,692,7.0)))
(1705,((497,776),(1,99,3.5)))
(1707,((384,1553),(4,534,16.0)))
(1708,((424,1458),(2,1471,7.5)))
(1710,((2353,5509),(15,9522,54.5)))
(1711,((1492,2263),(13,7544,51.0)))
(1712,((4942,8659),(13,6647,50.0)))
(1713,((2961,2345),(5,2046,20.5)))
(1714,((990,580),(7,1969,27.0)))
(1715,((1945,4169),(10,6000,36.5)))
(1716,((916,1466),(4,914,15.5)))
(1717,((691,537),(5,2577,20.0)))
(1718,((2259,2884),(6,1534,23.5)))
(1719,((1632,2074),(7,1212,28.5)))
(1720,((850,226),(1,362,4.0)))
(1721,((2901,2144),(5,499,19.5)))
(1740,((42,9),(2,307,7.0)))
(1741,((72,29),(2,831,9.0)))
(1742,((429,347),(7,462,28.0)))
(174,((3,2),(1,27,3.0)))
(1743,((92,17),(1,68,4.0)))
(1746,((254,151),(3,256,11.5)))
(1750,((34,6),(1,39,3.5)))
(1813,((1285,3197),(10,2174,38.0)))
(1814,((508,141),(1,2,3.5)))
(1815,((2366,2959),(8,2000,34.0)))
(1816,((953,1300),(14,10403,55.5)))
(1817,((1215,1687),(7,1725,27.0)))
(1818,((2381,8710),(8,3119,30.5)))
(1819,((3109,6711),(14,10039,56.0)))
(1820,((1539,1743),(1,705,4.5)))
(1824,((575,364),(1,102,3.5)))
(1825,((487,500),(5,1385,18.5)))
(1829,((1265,2502),(5,8960,18.5)))
(1830,((2358,3681),(3,455,11.5)))
(1831,((3187,5705),(5,2128,18.5)))
(1832,((753,225),(1,923,4.0)))
(1833,((2493,2573),(5,3193,20.0)))
(1834,((2272,3530),(9,5060,33.0)))
(1835,((778,337),(4,1285,14.5)))
(1836,((3089,3531),(9,2411,34.5)))
(1837,((3422,6355),(5,847,19.5)))
(1838,((855,615),(1,99,3.5)))
(1860,((128,5),(1,48,4.5)))
(1862,((396,104),(2,219,7.0)))
(1864,((106,18),(1,329,4.5)))
(1865,((460,313),(5,450,19.5)))
(1866,((237,48),(2,176,7.0)))
(192,((27,29),(1,24,3.5)))
(1929,((149,267),(1,42,3.5)))
(1930,((278,105),(2,76,7.0)))
(1932,((1590,1021),(2,109,7.5)))
(1933,((2702,5152),(3,1615,11.0)))
(1934,((1095,527),(6,3199,24.0)))
(1935,((1332,1109),(4,1954,16.0)))
(1936,((2905,6335),(13,3671,47.5)))
(1937,((4014,8196),(8,2604,30.0)))
(1938,((1644,1239),(5,1276,18.5)))
(1939,((1095,3112),(4,1267,15.5)))
(1940,((1379,4641),(6,2532,22.5)))
(1941,((1679,1427),(6,853,23.0)))
(1942,((644,776),(6,980,22.5)))
(1943,((1622,1875),(2,120,6.0)))
(1945,((887,650),(1,57,4.0)))
(1946,((894,992),(8,2401,31.0)))
(1947,((596,482),(3,1590,11.0)))
(1948,((1066,1444),(3,405,12.0)))
(1950,((1655,2029),(5,331,18.0)))
(1951,((1590,1798),(3,1007,11.5)))
(1952,((5231,10134),(3,695,12.0)))
(1953,((2227,2732),(10,2994,38.5)))
(1954,((2204,3140),(1,315,4.0)))
(1955,((2217,2470),(2,3132,7.5)))
(1957,((347,264),(1,177,4.0)))
(196,((41,10),(1,108,4.5)))
(1980,((145,40),(1,43,3.5)))
(1981,((320,65),(3,636,12.0)))
(198,((28,2),(1,1,2.0)))
(1984,((142,18),(2,130,9.5)))
(1985,((639,265),(3,245,11.5)))
(2050,((375,260),(1,697,4.0)))
(2051,((899,780),(2,556,7.5)))
(2052,((673,323),(3,351,11.5)))
(2053,((1439,3957),(9,3994,32.0)))
(2054,((1026,1507),(2,272,7.0)))
(2055,((1089,588),(1,782,4.0)))
(2056,((942,631),(5,2535,18.5)))
(2057,((2217,4908),(5,1233,19.5)))
(2058,((1631,2603),(5,830,20.5)))
(2059,((1490,2002),(9,1535,34.5)))
(2060,((1708,2819),(4,649,15.0)))
(2061,((2294,4215),(1,1396,4.0)))
(2062,((702,497),(4,654,15.0)))
(206,((42,71),(2,258,7.0)))
(2064,((550,254),(1,447,3.0)))
(2066,((1528,1690),(5,1515,18.0)))
(2067,((1523,1647),(3,2262,9.5)))
(2068,((1951,3594),(1,72,3.5)))
(2071,((1581,1803),(5,1247,16.0)))
(2072,((850,1073),(4,1017,14.5)))
(2073,((1675,1593),(2,389,8.0)))
(2074,((1510,2113),(1,178,4.0)))
(2077,((1499,996),(2,67,8.5)))
(207,((91,146),(1,140,4.0)))
(2079,((1482,789),(2,77,7.5)))
(2080,((1414,1397),(3,438,10.5)))
(209,((151,75),(2,188,7.5)))
(210,((200,29),(1,20,4.5)))
(2104,((390,66),(1,443,4.0)))
(2105,((282,57),(1,59,4.0)))
(2107,((187,64),(1,45,3.5)))
(211,((165,26),(1,18,4.0)))
(212,((165,32),(1,13,3.0)))
(213,((125,207),(2,280,8.5)))
(214,((130,54),(1,3,3.0)))
(215,((57,19),(1,81,4.5)))
(2171,((1025,1527),(3,412,12.0)))
(2172,((235,106),(1,75,3.0)))
(2173,((581,640),(1,247,3.5)))
(2174,((1339,2420),(8,1364,32.5)))
(2175,((782,1346),(4,675,15.5)))
(2176,((1252,832),(4,1323,15.0)))
(2177,((351,116),(1,311,3.5)))
(2178,((1625,2682),(7,1124,27.5)))
(2179,((1347,2854),(2,1348,8.0)))
(2181,((597,259),(3,1401,12.0)))
(2182,((1855,2963),(8,1103,29.0)))
(2184,((584,299),(1,8,3.5)))
(2187,((1294,1933),(4,733,14.0)))
(2188,((745,885),(6,2025,22.5)))
(2189,((1545,2280),(1,68,3.0)))
(218,((94,7),(1,1,5.0)))
(2190,((710,1837),(2,384,5.5)))
(2191,((2224,6400),(2,377,7.0)))
(2192,((1107,1967),(6,951,22.5)))
(2193,((1140,1034),(3,2098,10.5)))
(2194,((810,532),(2,810,8.0)))
(2195,((2152,3137),(4,601,14.5)))
(219,((57,6),(1,143,3.5)))
(2196,((793,681),(1,29,4.5)))
(2198,((2280,1735),(3,136,14.0)))
(2200,((1719,541),(2,132,6.5)))
(220,((55,10),(1,143,3.5)))
(2224,((377,103),(2,153,8.5)))
(2225,((86,4),(1,199,4.0)))
(222,((78,27),(2,15,6.5)))
(223,((53,11),(1,105,4.0)))
(224,((34,4),(1,76,3.5)))
(227,((49,4),(1,19,4.5)))
(2291,((2466,2726),(1,278,3.5)))
(2292,((1005,1134),(1,689,3.5)))
(2293,((3733,6867),(7,840,28.0)))
(2294,((2685,4966),(5,1127,20.0)))
(2295,((852,943),(2,785,8.0)))
(2296,((1278,2710),(3,1953,11.0)))
(2297,((3329,7603),(7,1478,22.5)))
(2298,((2565,3751),(4,1001,15.0)))
(2299,((1607,1437),(5,1235,19.5)))
(2300,((2748,4743),(5,2140,18.0)))
(2304,((1342,2876),(3,644,12.0)))
(2305,((515,740),(1,66,4.5)))
(2306,((678,607),(3,1611,13.0)))
(2307,((667,913),(5,2088,19.0)))
(2308,((792,1937),(4,1619,13.5)))
(2309,((506,1002),(2,186,5.5)))
(2310,((734,2305),(15,6407,57.0)))
(2311,((662,2054),(4,953,15.0)))
(2312,((2489,5620),(3,1433,9.5)))
(2313,((1309,2269),(2,877,7.5)))
(2314,((3074,4222),(3,386,10.0)))
(2315,((1822,1338),(2,262,7.0)))
(2316,((3150,3722),(6,1652,23.5)))
(2317,((2975,2323),(2,370,7.0)))
(2319,((1813,1389),(2,99,8.5)))
(2320,((1323,970),(1,176,3.5)))
(2411,((1583,4703),(1,556,3.0)))
(2413,((1766,3471),(1,130,4.0)))
(2414,((7892,16977),(7,4802,23.0)))
(2415,((3429,5871),(3,2380,11.5)))
(2416,((1620,3510),(3,1827,11.0)))
(2418,((1913,4589),(4,1005,15.0)))
(2419,((994,649),(3,1265,12.0)))
(2420,((581,190),(2,814,7.5)))
(2421,((2254,2103),(3,386,10.0)))
(2422,((1825,2897),(2,575,7.0)))
(2424,((400,259),(1,198,3.5)))
(2426,((1971,5142),(5,3572,18.5)))
(2427,((1398,1350),(4,369,15.5)))
(2428,((331,326),(2,304,7.0)))
(2429,((719,1579),(5,960,19.5)))
(2430,((1597,3483),(2,749,7.5)))
(2431,((986,1515),(2,198,8.0)))
(2432,((1085,2692),(1,50,3.5)))
(2433,((1227,4457),(1,291,4.0)))
(2434,((1041,3735),(2,518,8.0)))
(2435,((878,859),(1,84,5.0)))
(2437,((1865,1285),(7,599,25.0)))
(2438,((3663,3933),(8,1664,30.5)))
(2439,((1423,864),(1,142,3.5)))
(2441,((3536,2604),(3,275,11.5)))
(2442,((296,172),(1,216,3.5)))
(2445,((383,434),(1,281,3.5)))
(247,((405,292),(1,60,3.5)))
(248,((480,465),(3,184,10.0)))
(249,((918,708),(11,2117,38.0)))
(250,((2572,2303),(4,1483,16.0)))
(251,((1538,1580),(1,108,3.5)))
(252,((3849,2531),(1,58,3.5)))
(2533,((2951,3420),(2,438,5.5)))
(2534,((1055,1030),(2,1257,6.5)))
(2535,((7125,10503),(1,89,3.0)))
(2536,((3615,5744),(4,1839,15.5)))
(2537,((611,195),(1,109,4.0)))
(2539,((1963,4086),(4,442,14.0)))
(2540,((1811,2100),(3,447,8.0)))
(254,((205,163),(1,1,3.0)))
(2542,((1008,734),(1,243,3.5)))
(2543,((2328,2769),(4,1135,13.5)))
(2544,((1100,1396),(2,334,6.5)))
(2545,((979,360),(4,640,15.5)))
(2546,((1367,1904),(2,294,6.5)))
(2548,((1095,812),(4,596,14.0)))
(2549,((331,384),(4,1880,15.0)))
(2550,((821,2337),(3,698,12.0)))
(2551,((1003,2982),(2,110,7.5)))
(2552,((1380,3460),(1,97,4.0)))
(2553,((888,1672),(3,464,11.5)))
(2554,((1080,2490),(5,920,15.5)))
(2555,((2278,5755),(2,1001,7.0)))
(2556,((2537,5222),(6,2532,22.0)))
(2557,((2145,2749),(8,4179,30.5)))
(2558,((1946,1239),(5,2663,19.0)))
(2559,((4279,4043),(4,1726,15.5)))
(2560,((2737,2906),(4,488,14.5)))
(2561,((689,222),(1,24,3.0)))
(2562,((1835,3316),(4,344,11.0)))
(2563,((855,993),(1,170,3.5)))
(2566,((2831,1947),(1,51,4.0)))
(2653,((1993,6395),(4,1591,14.5)))
(2654,((1277,1612),(2,1409,8.0)))
(2657,((1294,1757),(5,1928,18.5)))
(2658,((1051,749),(1,529,4.0)))
(2660,((2050,1437),(2,283,8.5)))
(2661,((2038,5002),(8,1630,28.0)))
(2662,((841,929),(3,1001,10.5)))
(2663,((721,688),(1,294,3.5)))
(2664,((1840,2975),(2,78,8.5)))
(2665,((1901,2843),(2,187,7.5)))
(2666,((1251,1077),(4,331,13.0)))
(2667,((1080,1343),(2,215,7.5)))
(2668,((4164,5186),(4,557,15.0)))
(2670,((1280,1661),(4,1185,16.5)))
(2671,((2284,5434),(1,31,3.0)))
(2672,((3164,4778),(6,2608,22.0)))
(2674,((2444,2247),(3,741,11.5)))
(2675,((1926,2315),(6,1468,22.0)))
(2676,((1953,2877),(4,306,12.5)))
(2677,((1250,2449),(1,59,3.5)))
(2678,((1588,2359),(6,1966,23.0)))
(2679,((3698,3018),(1,315,3.0)))
(2680,((1739,1519),(4,1553,14.0)))
(2681,((5974,6570),(4,1465,13.0)))
(2682,((2421,1702),(5,2061,19.0)))
(2683,((2663,2345),(1,156,4.0)))
(2684,((2359,2371),(4,805,16.5)))
(2685,((1243,337),(1,287,4.0)))
(2775,((1297,2635),(7,2871,26.0)))
(2776,((965,757),(2,191,8.5)))
(2778,((1786,2273),(4,247,14.5)))
(2779,((2329,1758),(6,1309,22.0)))
(2782,((1318,1828),(1,455,4.0)))
(2783,((1020,1017),(1,147,3.5)))
(2784,((263,104),(2,244,6.5)))
(2785,((1231,1687),(1,12,3.0)))
(2786,((1535,4088),(6,620,21.0)))
(2787,((724,1038),(3,285,9.5)))
(2788,((1380,637),(6,777,21.0)))
(2789,((1644,1874),(3,244,12.0)))
(2791,((1273,1746),(1,132,3.0)))
(2792,((1357,1944),(4,1292,15.5)))
(2793,((1694,4097),(11,7466,41.5)))
(2794,((4008,7892),(6,1858,23.0)))
(2795,((1214,2554),(5,2347,20.0)))
(2796,((674,1896),(2,249,6.5)))
(2797,((809,1277),(4,200,12.0)))
(2798,((2443,2676),(3,1225,10.5)))
(2799,((1767,1014),(2,196,7.5)))
(2800,((2507,1925),(2,233,8.0)))
(2802,((2713,3312),(8,1091,29.0)))
(2803,((1369,1433),(2,271,8.0)))
(2804,((680,208),(1,205,4.5)))
(2805,((1400,1226),(2,215,8.0)))
(2806,((1610,1486),(2,198,8.0)))
(2896,((1411,2246),(3,631,12.0)))
(2897,((2970,3598),(1,164,2.0)))
(2904,((2536,3259),(7,1032,24.0)))
(2905,((847,659),(1,218,4.0)))
(2906,((421,832),(4,283,14.5)))
(2907,((5609,5285),(3,345,9.5)))
(2908,((7793,8451),(5,367,19.0)))
(2909,((1370,740),(1,917,4.0)))
(2910,((1874,1327),(4,417,12.5)))
(2911,((5113,8769),(2,288,7.5)))
(2912,((3170,3981),(4,688,16.0)))
(2913,((1003,1022),(2,255,7.0)))
(2914,((826,1237),(4,781,14.5)))
(2915,((2212,4379),(3,322,10.0)))
(2916,((1363,2616),(6,967,22.0)))
(2917,((735,1284),(3,1240,10.5)))
(2918,((1144,1063),(3,271,11.0)))
(2920,((2046,1402),(3,270,11.5)))
(2921,((2182,1786),(1,479,3.5)))
(2922,((2439,2794),(9,1169,36.0)))
(2923,((2131,2570),(3,340,10.5)))
(2924,((1356,2926),(4,995,13.5)))
(2925,((1290,563),(2,377,7.5)))
(2926,((3009,1575),(2,110,5.0)))
(2927,((2076,2404),(2,86,6.0)))
(3013,((155,301),(1,11,3.5)))
(3015,((1849,3762),(1,76,3.5)))
(3016,((1893,2805),(3,596,12.5)))
(3017,((2199,5002),(2,238,9.5)))
(3021,((1388,1258),(2,164,8.0)))
(3022,((1061,925),(1,7,3.5)))
(3023,((354,92),(1,6,4.0)))
(3025,((6575,12433),(2,19,9.0)))
(3027,((624,1130),(2,192,7.0)))
(3029,((9386,6214),(4,452,13.0)))
(3030,((766,591),(2,64,6.0)))
(3031,((565,566),(1,72,2.5)))
(3033,((2819,4103),(6,2551,19.5)))
(3034,((1133,1014),(1,272,4.0)))
(3035,((1250,1030),(2,210,6.0)))
(3036,((1353,1807),(4,1225,14.5)))
(3037,((1183,2204),(3,807,9.0)))
(3038,((1165,1300),(3,472,10.0)))
(3039,((790,2123),(5,567,18.0)))
(3040,((868,1021),(1,615,4.0)))
(3041,((2769,1580),(2,380,7.5)))
(3042,((1975,1838),(2,370,5.5)))
(3043,((3306,4112),(1,4,2.5)))
(3044,((1828,3416),(1,565,4.0)))
(3045,((2177,3401),(1,198,3.5)))
(3046,((1879,1929),(6,3282,24.5)))
(3047,((1367,858),(4,478,14.0)))
(3048,((2291,2550),(4,120,13.5)))
(3049,((1591,1387),(4,356,13.5)))
(3143,((1145,1695),(2,426,6.5)))
(3144,((945,469),(3,647,12.0)))
(3146,((2947,3750),(3,316,11.5)))
(3147,((1023,2205),(2,421,6.0)))
(3148,((336,266),(6,612,23.0)))
(3149,((286,390),(1,18,3.5)))
(3150,((722,1786),(4,997,14.0)))
(3151,((314,1100),(2,538,7.5)))
(3152,((311,556),(2,89,7.5)))
(3153,((986,1209),(1,79,4.0)))
(3154,((2467,4248),(4,472,15.0)))
(3155,((760,1332),(4,886,13.5)))
(3156,((604,659),(4,2239,14.5)))
(3159,((708,1554),(3,148,6.5)))
(3160,((2609,3359),(3,582,10.5)))
(3161,((5267,5118),(1,684,4.0)))
(3162,((3151,4538),(5,1277,16.5)))
(3163,((1245,1659),(2,101,7.0)))
(3165,((2354,3161),(3,328,10.0)))
(3166,((1281,2567),(5,1686,19.5)))
(3167,((1719,2836),(5,1096,17.5)))
(3168,((971,522),(1,76,4.0)))
(3169,((2010,1846),(1,128,3.0)))
(3170,((2457,1898),(2,40,8.0)))
(317,((163,33),(1,21,4.0)))
(3171,((672,270),(1,70,4.0)))
(3172,((1159,444),(1,43,3.0)))
(3173,((1270,918),(2,81,5.5)))
(325,((120,11),(2,95,8.5)))
(3260,((360,637),(1,29,3.0)))
(3261,((832,573),(1,28,3.0)))
(326,((288,167),(3,789,12.0)))
(3263,((403,92),(1,2,4.5)))
(3264,((1233,1313),(6,1905,21.5)))
(3265,((2084,1661),(2,547,8.0)))
(3266,((1182,427),(1,246,3.5)))
(3267,((1431,1215),(3,783,11.0)))
(3268,((3885,3477),(5,598,15.0)))
(3269,((2222,1993),(4,437,15.0)))
(3270,((364,580),(3,429,11.5)))
(3271,((629,1690),(1,21,4.0)))
(3272,((709,3890),(1,103,3.0)))
(3273,((1168,2740),(3,987,10.0)))
(3274,((1630,1521),(2,466,5.5)))
(327,((42,33),(1,180,4.0)))
(3275,((1211,4522),(2,492,7.5)))
(3276,((1062,3952),(3,6,11.5)))
(3277,((990,952),(1,339,3.5)))
(3278,((575,644),(1,526,3.5)))
(3279,((606,1507),(8,1352,30.0)))
(3280,((1048,2611),(4,584,13.5)))
(3281,((1559,1395),(5,949,18.5)))
(3283,((679,3780),(4,249,12.5)))
(3286,((3060,3178),(5,1261,19.0)))
(3287,((2803,2368),(2,144,8.0)))
(3288,((1821,3444),(2,159,6.5)))
(3289,((1239,2272),(7,2525,27.5)))
(3290,((1208,1249),(2,369,9.0)))
(3291,((2807,6837),(16,5247,61.0)))
(3292,((1287,2126),(3,399,11.5)))
(3293,((1153,304),(1,88,4.0)))
(3294,((2116,1747),(4,584,14.5)))
(329,((69,49),(2,146,8.5)))
(330,((78,45),(2,254,6.5)))
(331,((139,76),(1,153,4.0)))
(33,((169,111),(1,150,3.0)))
(334,((109,15),(1,326,4.0)))
(336,((101,26),(1,62,3.5)))
(337,((42,19),(2,88,8.5)))
(338,((102,67),(1,162,4.0)))
(3382,((3289,2160),(1,101,3.5)))
(3385,((1101,995),(3,472,11.5)))
(3386,((2669,2637),(7,1486,27.0)))
(3387,((1977,1479),(1,24,4.5)))
(3388,((1323,1112),(4,47,14.0)))
(3389,((6700,7372),(1,641,4.0)))
(3390,((5113,8330),(2,466,9.0)))
(339,((109,31),(2,304,8.0)))
(3391,((1758,2323),(4,2140,11.5)))
(3392,((1099,2526),(5,1753,15.5)))
(3393,((1476,5298),(6,4163,20.0)))
(3394,((1992,4086),(5,3724,17.5)))
(3395,((1473,1545),(11,2936,39.5)))
(3396,((1808,2859),(2,387,7.0)))
(3397,((1979,4820),(1,411,3.5)))
(3398,((938,1429),(1,79,3.5)))
(3399,((287,318),(6,1958,24.0)))
(3400,((265,547),(7,896,24.5)))
(3401,((459,2240),(3,368,11.0)))
(3402,((397,1607),(12,1716,41.0)))
(3403,((378,1641),(1,32,3.5)))
(3404,((1776,1943),(1,309,4.0)))
(3405,((3161,2858),(1,119,3.0)))
(3407,((4049,3563),(1,111,3.5)))
(3408,((2459,5004),(5,812,19.0)))
(3409,((1788,3138),(2,303,7.5)))
(340,((95,51),(1,21,3.5)))
(3410,((2593,3812),(8,1196,33.5)))
(3411,((1384,1291),(17,5621,62.0)))
(3412,((3241,6307),(4,636,14.5)))
(3413,((1881,3430),(4,550,13.5)))
(3414,((809,309),(1,257,3.5)))
(3415,((1797,928),(2,127,7.5)))
(3500,((227,311),(1,17,2.5)))
(3504,((3264,2594),(1,13,3.0)))
(3506,((1501,713),(3,442,9.5)))
(3507,((2910,4732),(9,1860,37.0)))
(3508,((2226,3551),(8,3662,30.5)))
(3509,((1037,542),(3,763,11.0)))
(3510,((2629,3835),(7,1529,22.5)))
(3511,((4447,7329),(9,2660,30.0)))
(3513,((1880,2364),(4,2620,15.0)))
(3514,((2443,3813),(6,1242,18.0)))
(3515,((2753,4175),(3,2333,10.0)))
(3516,((1439,1615),(4,253,13.5)))
(3517,((995,1417),(1,91,3.5)))
(3518,((1476,4702),(4,1926,14.5)))
(3519,((686,2410),(3,553,12.0)))
(3520,((596,1478),(4,1838,17.0)))
(3521,((614,1745),(4,649,15.5)))
(3522,((586,2488),(3,272,10.0)))
(3523,((692,2527),(2,441,8.0)))
(3524,((1085,1377),(1,768,3.5)))
(3525,((1090,1497),(2,198,6.5)))
(3526,((377,1932),(1,54,3.5)))
(3528,((947,2735),(1,4,4.5)))
(3529,((958,4186),(4,163,16.0)))
(3530,((1045,1474),(5,992,18.0)))
(3531,((2101,2854),(4,416,14.0)))
(3532,((975,1106),(1,378,4.0)))
(3533,((1312,1460),(3,707,11.5)))
(3534,((1494,2839),(5,552,20.5)))
(3536,((1097,526),(2,179,7.0)))
(3537,((2392,1596),(8,768,31.0)))
(3538,((1006,662),(2,90,7.5)))
(3620,((3419,1027),(1,43,3.0)))
(3621,((2176,1956),(1,3,2.5)))
(3624,((1059,916),(2,23,7.5)))
(3625,((2658,3483),(9,3027,36.5)))
(3626,((937,819),(2,807,8.5)))
(3628,((1440,3076),(5,1889,17.0)))
(3629,((3089,7236),(18,5490,70.0)))
(3630,((772,1789),(13,5548,49.5)))
(3631,((856,1465),(5,827,18.5)))
(3632,((3890,6352),(5,2872,19.0)))
(3633,((3692,6465),(3,696,11.0)))
(3634,((1402,2485),(7,2306,26.5)))
(3635,((2313,4511),(6,1204,19.5)))
(3636,((2156,5877),(3,1895,10.0)))
(3637,((1251,2977),(2,1706,9.0)))
(3638,((498,2354),(2,174,8.0)))
(3639,((786,3397),(1,63,4.0)))
(3640,((2606,4170),(2,589,5.5)))
(3642,((472,1065),(3,1377,11.5)))
(3643,((386,1284),(5,707,16.5)))
(3644,((823,4249),(3,156,12.0)))
(3645,((980,3064),(3,481,10.0)))
(3646,((614,2183),(3,303,12.0)))
(3647,((361,1206),(3,645,12.5)))
(3649,((904,1234),(1,64,3.5)))
(3650,((1687,2206),(5,555,18.5)))
(3651,((1036,1946),(3,92,12.5)))
(3652,((1877,1861),(1,146,4.0)))
(3653,((1363,1619),(9,3130,34.0)))
(3654,((792,1112),(2,483,7.5)))
(3656,((1218,2678),(3,450,10.5)))
(3657,((910,1478),(1,149,3.5)))
(3658,((2189,1746),(4,1269,15.0)))
(3659,((2417,1723),(7,836,27.5)))
(366,((384,585),(2,136,7.5)))
(367,((1219,1149),(2,111,6.5)))
(368,((1584,689),(3,975,10.5)))
(370,((1316,1565),(1,145,3.5)))
(371,((840,865),(3,189,10.5)))
(372,((1719,742),(2,172,6.5)))
(374,((1529,1432),(4,884,14.5)))
(3742,((1134,2725),(2,76,8.0)))
(3743,((2317,3224),(4,858,14.5)))
(3746,((1986,2149),(3,728,10.5)))
(3747,((1938,2205),(7,1102,28.0)))
(3749,((455,398),(2,249,8.0)))
(3750,((2178,3945),(7,1426,25.5)))
(3751,((1890,3449),(9,2138,34.0)))
(375,((2497,2471),(1,186,4.0)))
(3752,((950,797),(5,1734,19.0)))
(3753,((1797,3924),(7,3989,27.5)))
(3754,((3419,5800),(5,970,17.0)))
(3755,((989,1274),(5,1993,19.0)))
(3756,((1980,3520),(2,1773,7.5)))
(3757,((3085,5242),(5,918,15.5)))
(3758,((2693,3396),(4,438,13.0)))
(3759,((1421,1198),(1,250,3.5)))
(3760,((2027,2041),(1,134,3.5)))
(3761,((3593,4707),(4,856,13.5)))
(3762,((1485,2800),(3,567,11.0)))
(3763,((697,1262),(6,1662,22.0)))
(3764,((562,1217),(11,3953,38.5)))
(3765,((968,3171),(3,1183,10.0)))
(3766,((678,4881),(5,489,20.0)))
(3767,((1167,2645),(1,43,2.5)))
(3768,((2333,5045),(3,2547,10.0)))
(3769,((665,1748),(1,3,3.5)))
(3771,((839,1988),(4,539,16.0)))
(377,((185,92),(7,883,30.0)))
(3772,((1195,3175),(1,229,4.0)))
(3773,((696,1173),(5,155,18.5)))
(3774,((1320,2107),(5,1041,18.5)))
(3776,((1224,646),(1,71,4.0)))
(3777,((2052,1716),(1,189,2.5)))
(3779,((1646,834),(2,319,8.0)))
(3780,((2736,1873),(5,994,19.5)))
(3781,((1554,461),(1,33,3.0)))
(378,((338,141),(5,1076,20.0)))
(3783,((437,509),(1,808,4.5)))
(3864,((3116,6052),(2,636,7.0)))
(3868,((2373,1983),(6,1627,21.0)))
(3869,((800,517),(2,327,7.5)))
(3871,((3053,5521),(11,4572,45.0)))
(3872,((3121,6280),(17,8998,67.0)))
(3873,((692,1656),(2,1206,8.0)))
(3874,((536,497),(2,262,9.0)))
(3875,((2347,2830),(3,334,9.0)))
(3876,((2995,3699),(10,2142,36.0)))
(3877,((3001,3725),(19,6356,69.5)))
(3878,((2258,2236),(4,3457,15.5)))
(3879,((3116,4462),(6,1584,17.0)))
(3880,((1884,2703),(3,269,12.0)))
(3881,((2324,1932),(4,1021,15.0)))
(3882,((2126,2819),(3,724,11.0)))
(3883,((2433,4095),(1,88,3.0)))
(3884,((2387,1399),(1,1294,4.0)))
(3885,((811,1239),(2,342,9.0)))
(3887,((848,2417),(2,13,8.0)))
(3889,((483,2046),(6,727,19.0)))
(3890,((759,729),(1,1,5.0)))
(3891,((1387,1683),(1,1,5.0)))
(3892,((562,626),(2,128,8.5)))
(3893,((1088,1989),(2,386,6.0)))
(3895,((1338,900),(1,297,4.0)))
(3896,((1608,654),(1,213,3.5)))
(3898,((1711,1580),(2,89,6.5)))
(3899,((624,607),(1,18,3.5)))
(3900,((441,145),(1,87,3.0)))
(3902,((1183,634),(2,63,5.5)))
(3904,((768,902),(1,9,2.5)))
(3984,((371,554),(1,32,2.5)))
(3985,((348,750),(1,164,4.0)))
(3986,((536,693),(1,96,4.0)))
(3988,((965,329),(1,194,4.0)))
(3989,((1457,1124),(1,397,4.0)))
(3990,((1033,877),(1,465,4.5)))
(3993,((1703,2902),(11,2949,42.5)))
(3994,((1490,1030),(1,589,4.0)))
(3995,((1509,701),(2,75,5.5)))
(3996,((1983,2844),(4,484,13.0)))
(3997,((2450,4559),(2,108,8.5)))
(3998,((823,2352),(1,1,4.0)))
(4000,((839,1558),(1,242,3.5)))
(4010,((452,719),(2,130,8.0)))
(4017,((2000,1015),(2,65,7.0)))
(4020,((1240,1115),(3,111,10.0)))
(4021,((549,177),(2,878,8.0)))
(4023,((2987,1235),(5,630,18.0)))
(4026,((2088,1272),(1,314,4.5)))
(4111,((1728,1433),(4,147,14.0)))
(4114,((1907,2364),(1,175,3.0)))
(4115,((3610,3765),(1,111,3.0)))
(4117,((1616,6364),(6,403,26.0)))
(4118,((1708,4622),(1,1368,4.5)))
(4133,((277,248),(1,68,3.5)))
(4135,((333,300),(1,8,4.0)))
(4136,((492,817),(1,134,3.5)))
(4137,((524,445),(2,64,9.0)))
(4138,((1142,584),(1,77,3.0)))
(4139,((1994,705),(2,460,7.0)))
(4141,((1710,1378),(3,404,11.5)))
(4142,((1262,1489),(2,269,9.0)))
(4144,((3180,2308),(10,1548,36.5)))
(4145,((1840,1094),(6,1029,23.0)))
(4228,((938,672),(1,21,3.0)))
(4237,((3191,8469),(3,1011,10.0)))
(4238,((1349,1760),(1,444,4.0)))
(4239,((1017,506),(1,508,3.0)))
(424,((212,287),(5,369,20.5)))
(425,((236,148),(1,432,4.0)))
(4254,((364,345),(1,12,5.0)))
(4258,((1154,1741),(5,418,18.5)))
(4260,((2071,1810),(5,2654,17.5)))
(4261,((624,150),(1,311,4.0)))
(4262,((1417,1304),(3,449,10.5)))
(4263,((2797,4470),(6,825,22.5)))
(426,((355,228),(1,6,1.5)))
(4264,((1028,443),(1,34,4.5)))
(4266,((2875,1707),(4,401,16.0)))
(4268,((1800,525),(2,303,6.5)))
(4269,((2135,1231),(1,176,4.0)))
(4272,((719,273),(1,154,3.5)))
(429,((417,123),(2,228,9.0)))
(434,((167,13),(1,64,4.5)))
(4356,((67,997),(1,38,4.0)))
(4357,((1218,8777),(1,3,4.5)))
(4358,((1152,3728),(1,7,3.0)))
(4359,((323,119),(1,287,3.0)))
(4361,((878,1344),(1,139,4.0)))
(4362,((386,445),(1,3,4.5)))
(436,((444,180),(1,80,4.5)))
(437,((109,14),(1,5,3.5)))
(4374,((286,189),(1,359,4.0)))
(4375,((642,474),(1,3,1.0)))
(4376,((531,241),(1,466,4.0)))
(4379,((692,1664),(2,456,7.0)))
(4380,((830,1477),(1,267,3.5)))
(4381,((1793,1273),(2,99,7.0)))
(4383,((831,486),(2,666,8.0)))
(4384,((2569,3929),(4,3715,16.5)))
(4385,((1317,983),(1,37,4.0)))
(4387,((2983,1220),(2,50,7.5)))
(4390,((2274,902),(2,78,6.5)))
(440,((284,518),(3,169,13.5)))
(446,((41,47),(1,54,3.5)))
(4476,((1175,229),(1,63,3.0)))
(4477,((2334,3786),(2,117,7.5)))
(4478,((712,1104),(1,305,3.5)))
(4479,((1185,1833),(2,213,7.0)))
(4480,((561,246),(4,1091,14.0)))
(448,((136,201),(1,27,5.0)))
(4495,((439,381),(1,466,4.0)))
(4496,((2626,3687),(1,21,3.5)))
(4500,((789,865),(1,49,3.5)))
(4501,((669,1033),(2,963,7.5)))
(4502,((1069,991),(2,164,7.0)))
(4503,((2329,1308),(6,391,22.0)))
(450,((38,8),(1,132,4.0)))
(4504,((746,135),(2,535,7.5)))
(4505,((1347,1881),(8,1272,32.0)))
(4506,((2197,4128),(12,2032,46.0)))
(4507,((981,248),(2,155,8.0)))
(4508,((1914,518),(5,325,20.0)))
(4509,((2530,931),(2,155,7.5)))
(4511,((2026,1379),(4,276,15.5)))
(4512,((1494,909),(3,270,11.5)))
(456,((134,134),(3,135,12.5)))
(457,((192,260),(1,461,3.5)))
(458,((106,45),(2,219,8.0)))
(4596,((446,292),(1,360,4.5)))
(4597,((2538,2942),(1,329,4.0)))
(4598,((960,527),(6,1084,22.0)))
(4599,((519,54),(1,85,4.0)))
(4600,((1547,2200),(6,1016,22.5)))
(4601,((1314,1679),(6,845,21.5)))
(4602,((1305,185),(3,424,11.0)))
(4618,((927,457),(1,193,2.5)))
(4622,((893,1123),(2,207,8.0)))
(4623,((956,727),(3,1123,11.5)))
(4624,((3174,2067),(3,252,12.0)))
(4625,((1465,648),(5,520,16.5)))
(4627,((2218,5526),(13,1319,47.0)))
(4628,((1414,1277),(7,904,28.0)))
(4629,((1187,467),(1,51,3.0)))
(4630,((1951,1402),(5,784,19.0)))
(4631,((1375,549),(3,272,11.5)))
(4716,((652,109),(4,1274,13.0)))
(4718,((2030,3289),(3,498,11.0)))
(4719,((941,561),(5,470,16.0)))
(4721,((880,613),(1,339,3.5)))
(4722,((1287,1540),(3,774,10.5)))
(4723,((689,165),(1,328,3.5)))
(4724,((467,23),(1,154,3.5)))
(4726,((155,408),(1,131,4.0)))
(4739,((810,287),(1,109,4.0)))
(4740,((522,222),(2,222,7.0)))
(4743,((1071,1424),(5,320,16.5)))
(4745,((2102,2068),(1,84,3.5)))
(4746,((2635,2429),(2,473,8.5)))
(4749,((1353,2618),(13,2973,51.0)))
(4751,((2332,704),(2,36,10.0)))
(4752,((2115,680),(2,1208,8.0)))
(4755,((854,423),(1,5,3.5)))
(481,((36,3),(1,57,4.0)))
(482,((1082,152),(1,57,4.0)))
(4838,((1281,2496),(2,221,8.0)))
(4839,((1042,1207),(4,1298,15.5)))
(4840,((1101,1374),(4,662,14.0)))
(4843,((805,1457),(3,4333,12.0)))
(485,((2947,907),(2,240,7.5)))
(4859,((318,577),(1,338,4.0)))
(4861,((1294,769),(2,220,6.5)))
(486,((1617,794),(2,5,6.0)))
(4865,((1025,790),(1,25,2.0)))
(4866,((1041,401),(1,210,3.5)))
(4867,((2748,1244),(5,2149,17.5)))
(4868,((1374,359),(1,234,4.0)))
(4869,((944,501),(2,385,8.0)))
(4870,((2094,2203),(6,1463,24.5)))
(4871,((1230,612),(5,597,19.0)))
(4872,((1348,302),(1,20,3.5)))
(487,((334,439),(4,629,13.0)))
(488,((1328,777),(1,84,2.0)))
(490,((855,437),(3,237,10.0)))
(491,((772,307),(4,1174,14.0)))
(493,((2321,787),(2,123,7.0)))
(494,((1386,552),(6,722,22.0)))
(4959,((1757,2234),(3,484,9.0)))
(4960,((790,939),(2,279,7.5)))
(4961,((2129,2492),(12,2503,43.0)))
(4962,((1173,1090),(5,965,19.0)))
(4965,((1090,1753),(1,128,2.5)))
(497,((422,568),(1,22,4.5)))
(4980,((254,339),(1,55,3.5)))
(4982,((1322,364),(2,40,8.0)))
(498,((353,250),(3,610,12.5)))
(4986,((867,681),(1,38,3.5)))
(4987,((834,784),(3,237,11.0)))
(4988,((1272,669),(2,364,7.5)))
(4989,((1633,794),(6,486,22.0)))
(4991,((1332,1202),(1,293,4.0)))
(4992,((1130,733),(1,129,4.0)))
(4994,((723,274),(1,95,3.5)))
(5080,((474,1211),(1,91,2.5)))
(5081,((503,696),(1,81,3.5)))
(5082,((1431,3637),(13,5284,50.5)))
(5083,((1563,2099),(8,3235,31.0)))
(5085,((235,99),(2,114,7.0)))
(5086,((933,1678),(6,859,21.5)))
(5087,((921,1384),(8,3908,29.5)))
(5101,((24,87),(1,89,4.0)))
(5102,((159,216),(1,54,3.5)))
(5103,((625,239),(3,591,10.5)))
(5104,((953,462),(4,295,14.0)))
(5107,((601,246),(1,55,3.5)))
(5108,((820,742),(1,55,3.5)))
(5201,((769,990),(1,60,3.5)))
(5203,((965,1026),(4,442,14.0)))
(5204,((1512,2033),(3,839,10.5)))
(5207,((1082,1001),(1,79,4.0)))
(5225,((1229,324),(1,55,3.0)))
(5226,((1151,298),(2,183,6.5)))
(5228,((983,293),(1,398,4.0)))
(5229,((982,557),(2,287,7.0)))
(5323,((1246,2277),(1,122,3.0)))
(5325,((1271,518),(3,2046,12.0)))
(5326,((906,288),(1,23,3.0)))
(5346,((621,134),(1,66,4.0)))
(5351,((660,477),(3,257,12.5)))
(5352,((622,101),(1,115,4.0)))
(5353,((364,118),(1,51,3.5)))
(5357,((309,54),(1,37,4.5)))
(537,((240,111),(1,3459,4.0)))
(541,((324,430),(2,32,8.0)))
(542,((203,189),(1,123,4.5)))
(544,((284,20),(1,147,4.0)))
(5445,((1109,1423),(6,851,20.0)))
(5446,((1125,413),(1,26,3.0)))
(5447,((836,420),(4,645,15.5)))
(5448,((259,77),(1,177,2.5)))
(5451,((824,605),(1,295,3.0)))
(5472,((711,643),(2,350,7.0)))
(5473,((282,139),(1,43,4.0)))
(5474,((444,110),(1,18,2.0)))
(5476,((206,19),(1,258,4.0)))
(553,((147,1),(1,112,4.5)))
(556,((329,88),(1,57,4.0)))
(5566,((891,1149),(1,79,3.5)))
(5567,((1532,1660),(3,348,11.0)))
(5568,((896,454),(5,1521,20.0)))
(5569,((908,575),(5,1156,18.0)))
(5571,((473,220),(1,66,4.0)))
(5588,((93,93),(1,2,3.5)))
(559,((256,227),(1,82,4.0)))
(5595,((230,25),(2,29,7.0)))
(5599,((705,714),(1,167,4.5)))
(562,((79,29),(1,32,4.0)))
(566,((10,19),(2,161,8.5)))
(5688,((1358,4638),(1,76,3.0)))
(5689,((1097,797),(1,133,3.5)))
(5690,((913,244),(2,292,6.5)))
(5694,((411,342),(1,137,3.5)))
(5715,((408,518),(2,29,7.0)))
(5717,((688,121),(2,337,7.0)))
(5720,((264,294),(1,71,3.5)))
(5724,((479,151),(4,447,15.0)))
(5809,((936,832),(3,431,11.5)))
(5810,((925,846),(4,911,14.5)))
(5812,((274,61),(2,223,8.0)))
(5816,((204,107),(1,2,2.0)))
(5839,((470,47),(2,41,8.0)))
(5840,((266,53),(3,107,10.0)))
(5842,((336,423),(3,51,10.5)))
(5930,((704,519),(2,347,6.5)))
(5931,((1160,1456),(3,482,10.5)))
(5932,((537,150),(2,320,8.0)))
(5933,((775,188),(2,274,9.0)))
(5936,((941,613),(1,188,4.0)))
(5937,((669,499),(3,203,12.0)))
(5938,((653,65),(1,98,3.5)))
(5955,((154,36),(1,95,4.0)))
(5956,((357,58),(1,9,4.0)))
(5957,((547,104),(2,207,9.0)))
(5958,((571,507),(1,4,4.0)))
(5960,((538,90),(1,98,4.5)))
(5961,((300,31),(1,152,4.0)))
(603,((1610,969),(2,227,6.0)))
(604,((1340,1064),(1,71,4.0)))
(6051,((929,1322),(3,576,10.0)))
(6052,((1116,918),(4,371,14.5)))
(605,((374,266),(1,71,4.0)))
(6054,((1348,612),(8,2288,30.0)))
(6055,((595,160),(3,417,10.5)))
(6058,((488,433),(3,455,11.5)))
(6059,((370,124),(1,335,3.0)))
(6061,((610,451),(1,149,3.5)))
(6062,((879,395),(1,248,3.5)))
(6065,((610,183),(1,150,3.5)))
(606,((68,66),(1,106,4.0)))
(6067,((281,28),(1,328,4.5)))
(6068,((151,27),(1,182,3.5)))
(6072,((233,55),(1,33,4.0)))
(6077,((150,19),(2,52,8.5)))
(610,((1575,1018),(1,9,2.5)))
(611,((840,1233),(1,32,2.5)))
(612,((908,582),(3,304,13.5)))
(613,((539,338),(2,200,5.5)))
(614,((1402,179),(1,128,3.5)))
(6171,((228,299),(1,30,3.5)))
(6172,((1173,1257),(5,486,15.0)))
(6174,((534,77),(1,89,3.5)))
(6175,((1496,431),(2,417,8.0)))
(6176,((707,765),(2,275,7.0)))
(6183,((928,548),(4,1257,15.0)))
(6184,((373,163),(2,208,7.5)))
(6188,((160,24),(1,86,4.5)))
(6189,((228,72),(1,1521,4.0)))
(6191,((272,101),(1,20,3.5)))
(625,((251,12),(1,59,4.0)))
(6293,((1205,1701),(3,1008,9.5)))
(6294,((817,514),(2,436,7.0)))
(6296,((261,58),(1,127,3.5)))
(6297,((725,543),(1,196,3.5)))
(6304,((937,885),(3,420,10.0)))
(6306,((116,11),(1,55,4.0)))
(6307,((212,71),(1,136,3.5)))
(6308,((405,162),(1,411,3.5)))
(6312,((333,124),(2,195,8.5)))
(6313,((228,20),(1,281,4.0)))
(6414,((380,449),(1,124,3.0)))
(6415,((878,762),(2,233,5.5)))
(6426,((580,340),(1,133,3.0)))
(6427,((212,43),(1,62,3.5)))
(6431,((98,6),(1,9,4.5)))
(6433,((204,79),(1,484,3.5)))
(6434,((475,365),(1,74,3.5)))
(6436,((188,42),(1,26,4.0)))
(6437,((172,175),(1,96,2.0)))
(652,((367,67),(1,92,4.0)))
(6540,((892,194),(1,110,4.0)))
(6541,((398,82),(1,178,4.0)))
(6546,((191,57),(1,95,3.5)))
(6547,((417,113),(1,152,4.0)))
(6548,((351,136),(1,28,3.5)))
(6549,((76,67),(1,20,4.0)))
(6550,((52,46),(1,133,4.5)))
(655,((273,142),(1,85,3.5)))
(6554,((304,284),(2,1694,7.0)))
(6555,((454,266),(5,370,20.5)))
(6556,((175,16),(1,98,4.0)))
(6557,((159,6),(1,188,4.0)))
(656,((1113,1123),(4,735,16.0)))
(658,((250,186),(3,2125,12.5)))
(660,((322,689),(2,1897,9.0)))
(662,((664,164),(2,189,9.5)))
(665,((133,221),(2,298,8.0)))
(6661,((538,259),(2,324,7.0)))
(6662,((274,112),(2,522,7.5)))
(666,((334,261),(1,55,4.5)))
(6666,((184,119),(1,2,3.5)))
(6669,((178,176),(2,141,7.0)))
(6672,((181,30),(1,7,5.0)))
(667,((329,99),(2,127,8.0)))
(668,((603,488),(6,599,24.0)))
(669,((259,336),(6,1388,24.0)))
(670,((423,216),(3,681,10.5)))
(671,((440,384),(1,254,4.0)))
(672,((474,463),(5,937,21.0)))
(673,((138,231),(2,112,8.5)))
(674,((281,301),(3,201,11.0)))
(675,((238,143),(2,156,7.0)))
(676,((225,206),(2,179,8.0)))
(677,((161,60),(1,73,3.5)))
(6780,((393,217),(1,519,4.0)))
(678,((158,87),(2,150,6.0)))
(6788,((474,99),(1,280,3.5)))
(679,((139,244),(1,27,3.0)))
(6795,((244,67),(1,54,4.0)))
(683,((120,39),(1,27,3.5)))
(6900,((455,450),(4,647,16.5)))
(6901,((506,717),(1,763,4.0)))
(6915,((410,175),(1,170,4.0)))
(6920,((192,52),(1,32,3.5)))
(7026,((274,89),(1,17,4.0)))
(7034,((213,37),(1,1,3.0)))
(7037,((242,68),(1,38,4.5)))
(7039,((164,6),(1,132,4.0)))
(7138,((7,42),(1,2152,4.0)))
(7140,((18,25),(2,4304,8.0)))
(7155,((274,55),(1,60,3.5)))
(7162,((156,48),(2,25,8.0)))
(7264,((450,228),(1,83,3.5)))
(7269,((332,89),(2,200,8.0)))
(7275,((198,11),(1,125,4.0)))
(7281,((101,15),(1,5,4.0)))
(730,((739,2335),(1,45,3.5)))
(731,((1179,1477),(5,86,19.0)))
(732,((529,654),(2,241,8.0)))
(7387,((739,175),(2,221,6.0)))
(7390,((447,193),(1,362,3.5)))
(739,((3,2),(1,39,4.0)))
(741,((489,854),(1,1,5.0)))
(743,((257,48),(4,1332,13.5)))
(744,((260,40),(1,8,3.5)))
(745,((444,144),(1,16,4.5)))
(750,((177,61),(2,284,7.0)))
(7507,((293,136),(1,63,4.0)))
(7508,((790,304),(1,134,4.0)))
(7511,((376,68),(2,91,5.0)))
(7513,((176,23),(1,29,3.5)))
(7514,((229,34),(1,129,4.5)))
(7516,((284,71),(1,4,3.5)))
(7629,((403,355),(1,69,3.0)))
(7636,((182,26),(1,72,4.5)))
(773,((316,198),(1,317,3.5)))
(774,((584,549),(1,147,4.0)))
(7753,((155,8),(1,17,4.0)))
(775,((379,126),(1,72,4.5)))
(776,((300,101),(1,106,4.0)))
(777,((666,319),(2,268,6.5)))
(778,((488,252),(3,939,11.5)))
(779,((201,115),(2,770,8.5)))
(780,((306,386),(1,436,4.0)))
(781,((513,2219),(4,541,16.0)))
(782,((476,242),(12,4774,47.5)))
(783,((935,411),(6,2430,23.5)))
(784,((98,69),(2,4,9.0)))
(7872,((684,228),(1,97,4.0)))
(788,((439,613),(2,900,6.5)))
(790,((388,328),(3,441,11.0)))
(791,((62,1),(2,295,8.0)))
(79,((238,31),(1,6,4.5)))
(795,((215,54),(3,160,12.5)))
(796,((65,17),(1,61,4.5)))
(798,((198,55),(1,48,4.5)))
(7994,((236,218),(1,155,4.0)))
(7997,((155,27),(1,1,5.0)))
(7998,((252,27),(1,34,4.0)))
(803,((43,10),(1,16,4.0)))
(8114,((365,124),(1,7,2.0)))
(8115,((403,536),(1,73,3.5)))
(8119,((228,41),(1,3,4.5)))
(8237,((413,134),(3,103,10.0)))
(8239,((128,7),(1,305,3.0)))
(8241,((157,8),(1,1,5.0)))
(8357,((90,38),(1,21,3.0)))
(8358,((358,208),(3,465,10.0)))
(8359,((90,59),(2,249,6.0)))
(843,((617,595),(1,4,3.0)))
(844,((1557,2167),(3,911,10.5)))
(8480,((203,187),(1,5,3.0)))
(8481,((32,3),(1,150,3.5)))
(8484,((54,4),(1,19,4.0)))
(849,((631,534),(3,207,11.0)))
(850,((1666,1809),(10,1147,35.5)))
(851,((721,2394),(5,1366,17.5)))
(852,((678,2400),(6,820,23.5)))
(853,((765,496),(2,105,6.0)))
(855,((204,75),(2,48,6.0)))
(8600,((396,118),(2,108,8.0)))
(860,((856,835),(4,1032,14.5)))
(861,((822,420),(8,3384,29.0)))
(862,((669,1006),(8,8248,29.5)))
(863,((586,622),(2,181,7.5)))
(864,((52,45),(2,18,7.0)))
(866,((210,295),(3,104,12.5)))
(868,((688,803),(10,2004,40.5)))
(869,((1131,1249),(2,134,8.0)))
(870,((703,1158),(4,365,17.0)))
(871,((74,58),(1,233,4.0)))
(8720,((117,8),(1,23,3.5)))
(8721,((223,60),(1,1,1.0)))
(8722,((120,11),(1,17,2.5)))
(872,((517,101),(1,85,4.0)))
(8841,((213,94),(4,778,14.5)))
(8842,((102,28),(1,9,4.0)))
(893,((53,23),(1,108,4.0)))
(894,((177,350),(1,8,2.5)))
(8962,((245,67),(1,21,3.5)))
(8965,((123,22),(1,133,2.5)))
(8966,((123,34),(1,5,1.0)))
(898,((475,616),(5,1167,19.0)))
(899,((350,425),(5,867,20.0)))
(900,((168,263),(1,96,4.0)))
(901,((147,344),(2,96,8.0)))
(902,((308,807),(2,719,7.5)))
(903,((281,397),(2,577,8.5)))
(904,((266,589),(2,599,8.5)))
(90,((492,17),(2,134,8.5)))
(905,((155,139),(1,656,4.5)))
(906,((195,116),(1,313,4.0)))
(907,((227,383),(1,49,4.0)))
(908,((787,1616),(6,1754,22.0)))
(909,((218,164),(3,421,10.5)))
(910,((525,572),(1,459,4.0)))
(911,((155,82),(2,503,8.0)))
(912,((206,71),(1,451,4.5)))
(915,((417,502),(10,2130,39.5)))
(916,((115,56),(1,380,4.0)))
(917,((362,169),(1,105,3.0)))
(918,((190,73),(2,333,8.0)))
(92,((275,39),(1,74,4.0)))
(927,((17,10),(1,47,3.5)))
(94,((270,42),(1,31,3.5)))
(95,((269,13),(1,89,4.0)))
(96,((331,38),(2,29,7.5)))
(968,((261,140),(1,50,4.0)))
(969,((999,419),(7,1233,22.5)))
(970,((556,1237),(7,3290,28.0)))
(971,((753,1257),(5,769,18.5)))
(972,((439,794),(4,1292,15.0)))
(973,((200,984),(1,122,4.0)))
(974,((482,560),(2,152,9.0)))
(978,((1773,466),(1,261,3.0)))
(979,((120,399),(3,587,9.0)))
(980,((360,1022),(4,1299,16.0)))
(981,((670,1084),(5,720,18.0)))
(982,((407,819),(2,370,7.0)))
(984,((788,1643),(3,310,11.0)))
(987,((416,184),(4,846,14.5)))
(989,((786,610),(9,3519,36.0)))
(990,((765,610),(3,1828,11.5)))
(992,((231,129),(1,195,3.5)))
(994,((793,923),(2,860,6.0)))
